WL	WW	HW	THW	THL	THH	THVOL	T2	T3	T4	FU	LABR	PR	LL	PS
6.61	1.98	2.19	1.52	2.55	1.98	7.74	1.83	1.79	1.7	1.14	0.89	0.64	0.52	19.3
6.75	2.24	2.22	1.59	2.65	2.02	8.51	1.92	1.88	1.7	0.88	0.78	0.48	0.62	28
7.37	2.55	3.07	2.29	3.35	2.56	19.64	2.68	2.67	2.48	1.34	1.24	0.85	0.86	28
7.4	2.34	3.05	2.38	3.44	2.72	22.27	2.68	2.45	1.98	1.41	1.26	0.88	0.84	26
7.64	2.56	3.14	2.38	3.54	2.71	22.81	2.93	2.93	2.62	1.52	1.44	0.96	0.95	29
6.51	2.22	2.73	2.14	3.13	2.43	17.03	2.41	2.12	1.76	1.31	1.31	0.92	0.79	27.3
10.7	3.35	4.1	3.55	5.22	4.25	79	4.92	4.71	3.9	1.63	1.8	1.19	1.26	44
8.6	3.23	4.28	3.05	4.39	3.2	42.85	4.04	3.91	3.45	1.84	1.73	1.16	0.87	23
8.22	3.06	4.17	2.99	4.32	3.28	42.74	4.07	3.94	3.44	1.74	1.63	1.2	0.8	24.7
7.82	2.84	4.05	2.94	4.2	3.15	38.9	3.55	3.44	2.85	1.73	1.64	1.13	0.81	26
7.39	2.04	1.75	1.12	2.05	1.66	3.85	0.49	0.98	1.27	0.64	0.43	0.35	0.54	26
6.4	1.76	1.7	1.16	2.2	1.92	5.36	0.55	0.5	0.78	0.59	0.39	0.34	0.55	26
8.65	2.84	3.08	2.38	3.88	2.76	25.46	3.2	3.25	3.05	1.09	0.76	0.57	1.17	54
8.72	2.93	3.46	2.98	4.39	3.46	45.34	4.51	4.33	3.83	1.28	1.31	0.81	1.19	40
9.92	3.65	3.58	2.9	4.54	3.49	45.93	4.62	4.65	4.09	1.46	1.39	0.9	1.32	39.5
9.69	3.46	3.53	2.95	4.5	3.49	46.33	4.29	4.34	4.07	1.4	1.38	0.92	1.27	39
8.5	2.82	3.08	2.73	3.97	3.18	35.84	3.27	3.17	2.87	1.21	1.12	0.75	1.09	39.5
8.4	3.1	3.44	2.72	4.03	3.26	35.73	4.03	3.82	3.4	1.49	1.47	0.94	1.19	39
8.25	2.93	3.26	2.65	4.12	3.26	35.59	3.62	3.46	2.99	1.46	1.43	0.9	1.08	37
9.77	3.42	3.54	3.17	4.87	3.63	56.21	4.64	4.54	3.98	1.5	1.48	0.94	1.27	38.7
9.19	3.2	3.6	3.18	4.72	3.83	57.43	4.11	4.02	3.58	1.31	1.23	0.81	1.2	38.3
9.22	3.2	3.65	3.35	4.84	3.89	63.01	3.74	3.67	3.34	1.3	1.31	0.86	1.16	39
6.59	2.47	2.46	2	3.12	2.44	15.44	2.75	2.71	2.43	0.91	0.87	0.58	0.72	20.5
9.3	3.11	3.57	3.2	4.73	3.85	60.1	4.72	4.57	3.94	1.4	1.4	0.83	1.21	39
9.4	3.12	3.58	3.35	4.88	3.89	64.08	4.48	4.34	3.72	1.37	1.38	0.85	1.24	38.8
10.3	3.55	3.94	3.4	5.08	4.1	70.82	4.69	4.76	4.77	1.63	1.63	0.94	1.4	52
7.32	2.2	1.84	1.88	3	2.48	13.96	2.38	2.22	1.82	0.9	0.9	0.56	0.56	21
8.48	2.52	2.14	2.16	3.73	3.01	24.21	3.1	2.81	2.18	1.16	1.09	0.72	0.79	24
6.33	2.11	1.7	1.53	2.57	2.08	8.17	2.51	2.44	2	0.76	0.72	0.48	0.52	18
7.74	2.42	1.94	1.88	3.18	2.48	14.81	2.57	2.41	1.88	0.9	0.86	0.48	0.6	22
8.95	2.87	2.78	2.67	4.58	3.59	43.9	4.15	4.05	3.05	1.35	1.35	0.92	0.93	27
9.1	2.94	2.66	2.67	4.5	3.51	42.25	3.99	3.82	2.86	1.32	1.25	0.83	0.9	28.3
6.79	2.28	1.79	1.74	2.98	2.28	11.79	2.81	2.71	2.33	0.95	0.9	0.65	0.66	21
10.96	3.82	4.26	3.65	5.16	4.13	78.31	4.85	4.67	4.05	1.94	1.89	1.17	1.51	37.3
12.02	3.94	4.09	3.87	5.46	4.43	94.07	4.42	4.28	3.57	1.97	2.02	1.26	1.53	39.5
10.12	3.22	3.29	3.1	4.5	3.49	48.69	3.3	3.09	2.56	1.13	1.08	0.74	1.08	32
11.37	3.61	5.02	3.49	5.48	4.22	80.65	5.48	5.09	4.41	1.52	1.25	0.98	1.67	50
11.03	3.44	4.8	3.93	5.7	4.27	95.42	5.09	4.78	3.44	1.45	1.3	0.96	1.57	52.5
13.6	4.24	5.75	4	6.58	5	131.67	6	5.58	4.92	1.62	1.42	0.92	1.98	58
9.71	3.19	3.72	2.54	4.33	3	33.01	2.8	2.92	2.72	1.17	1.12	0.82	1.04	35
8.34	2.87	2.87	2.4	3.79	2.91	26.47	2.45	2.35	2.13	0.91	0.73	0.57	0.98	37
10.45	3.69	3.49	2.75	4.71	3.37	43.65	2.2	2.94	2.65	1.1	0.96	0.71	1.16	44
6.58	2.22	2.5	1.93	3.02	2.17	12.65	2.37	2.33	2.07	0.79	0.65	0.5	0.8	32
9.26	3.25	3.17	2.45	4.07	3.05	30.41	3.61	3.49	2.91	1.02	0.86	0.65	1.11	32
8.85	3.03	3.06	2.66	4.05	2.91	31.35	2.94	2.83	2.56	0.95	0.8	0.6	1.06	36
7.69	2.7	2.86	2.36	3.53	2.61	23.01	2.81	2.76	2.51	0.88	0.7	0.56	0.97	35.5
6.47	2.26	2.48	2.05	3.1	2.24	14.4	1.98	1.94	1.84	0.76	0.63	0.48	0.78	31.5
8.49	3.03	3.11	2.59	3.88	2.98	30.22	3.06	3.28	3.05	1.14	0.96	0.69	0.99	34.3
8.75	2.81	3	2.33	3.78	2.69	23.87	2.71	2.86	2.68	0.85	0.68	0.58	1.01	33.5
9.32	3.16	3.21	2.68	4.48	3.05	36.61	2.76	2.84	2.53	1.18	0.98	0.68	0.92	38
10.03	3.43	3.07	2.31	3.98	2.87	26.39	2.38	2.54	2.28	1.01	0.78	0.62	1.04	39
7.56	2.5	2.57	2.23	3.54	2.62	20.66	2.62	2.55	2.13	0.79	0.63	0.52	0.92	38
10.45	3.87	3.25	2.48	4.2	3.05	31.77	2.51	2.62	2.35	1.09	0.94	0.72	1.1	41
9.67	3.2	3.14	2.42	4.13	2.96	29.69	1.88	2.35	2.19	1.11	0.93	0.66	1.07	41.7
6.8	2.09	2.28	1.98	2.99	2.23	13.36	2.12	2.04	1.76	0.82	0.75	0.51	0.67	25.3
8.47	2.76	2.68	2.32	3.44	2.59	20.64	2.91	2.91	2.77	1.15	1.2	0.76	0.78	22.5
8.27	2.99	2.86	2.64	3.94	2.87	28.56	3.67	3.69	3.36	1.13	1.04	0.64	0.85	28
8.38	2.81	2.81	2.65	3.86	2.92	29.53	2.76	2.69	2.47	1.13	1.06	0.63	0.85	31
7.52	2.6	2.87	2.33	3.47	2.7	21.83	3.24	3.13	2.87	1.23	1.24	0.79	0.95	29
8.5	3.04	3.55	3.1	4.25	3.31	43.61	4.1	4.07	3.74	1.45	1.59	0.96	0.96	29
9.11	3.4	3.46	2.83	4.38	3.2	39.67	3.86	3.85	3.36	1.39	1.3	0.89	0.91	29
7.72	2.81	2.82	2.29	3.41	2.6	20.27	3.49	3.32	2.83	1.2	1.24	0.8	0.87	29
6.31	2.4	2.33	1.97	2.95	2.25	13.08	2.75	2.67	2.42	1.12	1.02	0.64	0.7	21
10.33	3.5	4.19	3.74	5.23	3.84	75.16	4.48	4.46	4.08	1.78	1.76	1.21	1.06	27
7.8	2.75	2.77	2.34	3.61	2.78	23.63	3.25	3.17	2.84	1.12	1.07	0.69	0.93	29
8.06	2.61	2.85	2.48	3.67	2.81	25.68	2.97	2.88	2.67	1.13	1.14	0.72	0.9	29.7
9.41	3.37	3.92	3.39	5.13	3.92	69.24	4.68	4.72	4.19	1.45	1.39	0.92	1.31	40.8
9.75	3.28	3.81	3.52	5.3	3.92	73.13	4.3	4.32	3.88	1.42	1.42	0.92	1.19	42
7.42	2.32	2.68	2.4	3.6	2.56	22.12	2.77	2.66	2.4	1.08	1.08	0.68	0.87	31
9.47	3.65	3.72	3.16	4.6	3.49	50.73	4.7	4.56	4.08	1.53	1.6	1.08	1.13	32
5.46	1.85	1.98	1.59	2.46	1.86	7.33	2.35	2.33	2.14	0.82	0.78	0.49	0.53	19.7
6.22	2.05	2.2	1.79	2.7	2.07	10.01	1.9	1.89	1.75	0.91	0.91	0.55	0.6	21
8.35	2.97	3.44	2.81	4.12	3.2	37.05	4.3	4.15	3.4	1.38	1.48	1.1	1	24
6.62	2.16	2.29	1.78	3.03	2.23	12.03	2.39	2.35	2.14	0.88	0.75	0.47	0.71	24
6.89	2.59	2.72	2.26	3.4	2.56	19.8	3.13	3.1	2.81	1.09	0.95	0.66	0.63	23.3
6.75	2.45	2.74	2.2	3.41	2.54	19.06	3.04	2.96	2.64	1.04	1	0.67	0.78	32
7.62	2.56	3.04	2.62	3.75	2.83	27.8	3.28	3.17	2.84	1.16	1.09	0.78	0.65	25
5.48	2.23	2.39	2.14	3.19	2.52	17.2	2.24	2.21	2.06	0.9	0.82	0.53	0.73	26
6.51	2.18	2.26	1.81	2.94	2.18	12.02	2.33	2.29	2.09	0.86	0.78	0.51	0.67	24.5
7.01	2.63	2.51	2.1	3.13	2.37	15.58	3.06	2.9	2.42	1.06	1.06	0.65	0.86	24
6.31	2.22	2.16	1.84	2.87	2.14	11.3	2.86	2.74	2.4	0.89	0.86	0.6	0.68	23
9.19	3.5	3.65	3.15	4.55	3.48	49.88	4.36	4.2	3.59	1.48	1.53	1	1.1	29
6.72	2.37	2.33	1.87	2.99	2.22	12.41	2.72	2.63	2.2	0.98	0.92	0.63	0.53	20
7.69	2.43	2.6	2.1	3.41	2.53	18.12	2.86	2.79	2.44	1.03	1.01	0.63	0.73	26
6.58	2.36	2.65	2.12	3.4	2.52	18.16	3.08	3.04	2.68	1.04	0.82	0.62	0.88	33
6.75	2.2	2.64	2.48	3.5	2.64	22.92	2.67	2.52	2.08	0.96	0.84	0.56	0.75	31
5.59	2.2	2.23	1.73	2.56	2.1	9.3	2.64	2.58	2.41	1.06	1.03	0.62	0.73	21
6.08	2.18	2.71	2.1	3.56	2.36	17.64	2.81	2.84	2.59	0.84	0.72	0.51	0.63	29
6.14	2.08	2.28	1.74	2.7	2.06	9.68	2.68	2.68	2.47	0.86	0.84	0.52	0.68	19
6.61	2.16	2.55	2.08	3.26	2.34	15.87	2.64	2.65	2.36	0.85	0.73	0.52	0.56	22
6.44	2.3	2.54	2.06	2.89	2.38	14.17	3.07	3	2.8	0.97	0.89	0.57	0.73	22
9	3.19	3.53	2.6	4.39	3.2	36.52	3.75	3.71	3.4	1.21	1.1	0.86	1.14	41.7
10.4	3.49	3.83	3.2	4.65	3.73	55.59	4.41	4.36	3.88	1.28	1.17	0.85	1.32	51
8.97	2.9	3.16	2.6	3.93	3.05	31.16	3.58	3.51	3.09	1.03	0.93	0.68	0.99	42
10.02	3.71	3.85	2.95	4.51	3.66	48.77	4.3	4.28	3.95	1.35	1.25	0.9	1.16	45.5
10.72	3.74	3.83	3.18	5	3.88	61.69	4.34	4.24	3.78	1.32	1.28	0.89	1.22	49
11.49	4.07	4.48	3.54	5.07	4.11	74.07	5.62	5.43	4.94	1.59	1.47	1.08	1.71	57.7
11.7	3.86	4.27	3.58	4.95	4.11	72.83	5.44	5.26	4.58	1.53	1.47	1	1.57	56
9	3.15	3.68	2.67	3.95	3.18	34.24	4.22	4.1	3.66	1.18	1	0.79	1.19	48.8
9.3	3.01	3.56	2.69	4	3.22	35.89	4.07	3.92	3.59	1.16	1.02	0.79	1.17	45.2
8.53	2.85	3.75	2.71	3.99	3.3	35.68	3.89	3.82	3.4	1.2	1.04	0.8	1.15	49
11.02	4.18	5.41	3.95	5.18	4.25	86.96	6.13	5.99	5.17	2.31	2.41	1.65	1.3	28
10.84	3.96	4.86	3.75	5.12	4	76.72	5.66	5.63	4.57	2.09	2.28	1.55	1.18	25
6.57	2.48	3.14	2.39	3.57	2.68	22.87	3.59	3.57	3.06	1.62	1.48	1	0.94	22
7.17	2.79	3.63	2.51	3.56	2.84	25.33	3.79	3.78	3.24	1.54	1.58	1.08	0.86	21.5
8.02	3.04	3.9	2.92	4.13	3.12	38.41	4.3	4.28	3.56	1.77	1.73	1.38	0.93	23.7
6.92	2.76	3.6	2.5	3.53	2.83	25.2	3.76	3.74	3.19	1.71	1.76	1.24	0.89	22.5
6.95	2.67	3.34	2.51	3.51	2.88	25.37	3.7	3.68	2.93	1.65	1.68	1.19	0.86	22
11.1	4.04	4.38	3.76	5.57	4.67	97.68	5.5	5.33	4.67	2.05	1.95	1.3	1.58	40
9.77	3.29	3.7	3.18	4.74	3.8	57.28	3.59	3.32	2.8	1.8	1.78	1.19	1.31	36
11.38	4.24	4.91	4.09	5.88	5.13	125.26	7.2	7.05	5.99	2.06	1.93	1.32	1.57	44
8.5	2.93	3.37	2.96	4.15	3.39	41.75	3.18	2.96	2.42	1.64	1.63	0.99	1.17	32.5
14.63	5.11	5.85	5.03	7.54	6.05	230.02	7.55	7.25	5.8	2.88	3.31	2.03	2.6	51.5
9.28	3.56	3.88	3.5	5.03	3.95	69.54	5.85	5.8	4.75	1.85	1.7	1.02	1.36	31
10.27	3.77	4.28	3.77	5.49	4.54	95.67	5.32	5.03	3.6	2.04	1.96	1.19	1.53	36
9.98	3.52	4.16	3.43	4.85	3.79	63.11	6.08	5.98	5.08	1.7	1.65	1.14	1.46	38
15.03	5.1	5.47	4.72	7.03	5.35	180.02	6.96	6.55	6	2.68	2.47	1.58	1.92	42.5
17.23	5.32	6	5.34	7.98	6.38	273.99	6.45	6.08	5.23	2.88	2.78	1.77	2.1	45
13.05	4.1	4.77	4.17	6.31	4.98	134.75	5.19	4.87	3.77	2.43	2.14	1.39	1.75	40.5
16.57	5.45	6.21	5.67	8.12	6.47	298.03	8.32	8.03	6.43	3.22	3.07	1.84	2.46	46.3
15.02	4.75	5.58	5.08	7.41	5.97	228.55	6.1	5.57	4.7	3.09	3.12	1.98	2.35	48
10.27	3.61	3.95	3.54	5.29	4.22	80	4.72	4.52	3.58	1.88	1.82	1.19	1.5	32.3
10.4	4.02	3.88	3.39	5.04	4.02	68.85	5.09	5.04	4.41	1.75	1.79	1.21	1.46	42
7.55	2.6	2.54	2.13	3.41	2.7	19.61	3.24	3.2	2.78	1.28	1.23	0.83	0.91	28
8.27	2.73	3.1	2.42	3.8	2.93	26.94	3.55	3.6	3.19	1.3	1.18	0.86	0.91	28
8.5	2.78	2.92	2.43	4.15	3.18	32.91	2.96	2.82	2.17	1.39	1.41	0.91	0.98	29.7
11.86	3.83	4.02	3.25	4.94	3.64	58.4	4.99	4.9	4.46	1.25	1.09	0.9	1.45	57
6.6	2.08	2.36	1.72	2.45	1.95	8.22	2.86	2.9	2.8	0.71	0.6	0.47	0.71	29
6.84	2.19	2.55	1.94	2.76	2.23	11.93	2.68	2.69	2.39	0.78	0.73	0.56	0.72	27
9.17	3.02	3.67	2.81	4.28	3.32	39.9	4.04	4.02	3.62	1.21	1	0.76	1.18	47
9.08	2.95	3.42	2.78	4.26	3.12	36.91	2.52	2.46	2.44	1.14	1.02	0.76	1.06	54
8.8	2.82	3	2.31	3.44	2.57	21.52	3.61	3.56	3.36	1.04	0.93	0.71	1	38.2
8.98	2.83	3.28	2.75	4.11	3.17	36.19	3.47	3.4	3.08	1.15	1.01	0.71	1.07	43
9.63	2.94	3.5	2.56	4.03	3.02	31.16	4.11	4.14	3.88	1.17	0.71	0.64	1.51	62
11.39	3.79	3.72	2.8	4.69	3.72	48.85	2.75	3.34	3.22	1.12	0.88	0.71	1.12	43
11.33	3.43	3.46	2.85	4.58	3.67	47.9	2.94	2.98	3.03	0.98	0.87	0.67	1.09	38
10	3.06	3.61	2.91	4.32	3.33	41.86	4.16	4.06	3.68	1.3	1.12	0.87	1.43	54
10.93	3.23	3.98	3.17	4.91	3.68	58.83	4.36	4.25	3.84	1.29	1.06	0.86	1.47	64.6
9.75	3.3	3.63	2.83	4.29	3.28	39.77	3.76	3.72	3.44	1.21	0.93	0.73	1.27	54
10.04	3.11	3.84	3.14	4.92	3.57	55.15	4.1	3.98	3.45	1.42	1.17	0.85	1.48	54
6.28	2.1	2.3	1.7	2.55	1.95	8.42	2.44	2.41	2.32	0.74	0.61	0.49	0.73	36
6.74	2.05	2.53	1.95	3.03	2.27	13.41	2.44	2.42	2.33	0.87	0.66	0.48	0.88	39
10.27	3.25	3.03	2.36	3.67	2.81	24.84	3.3	3.28	3.09	1.04	0.78	0.62	0.96	48
7.13	2.57	3.6	2.76	3.64	3.05	30.69	3.93	3.64	3.1	1.57	1.48	1.1	0.95	29
8.94	3.26	4.22	3.32	4.6	3.86	61.66	5.13	4.87	3.72	1.88	1.77	1.22	1.26	37
8.27	2.92	4.02	3.25	4.46	3.6	53.27	4.53	4.12	3.13	1.68	1.67	1.16	1.14	34.6
9.18	3.19	3.93	3.11	4.51	3.58	50.7	4.4	3.99	3.39	1.69	1.6	1.09	1.04	36.3
8.71	2.95	3.71	3.15	4.42	3.46	47.49	4.09	3.6	2.86	1.69	1.59	1.05	1.07	33.5
9.19	3.08	4.02	3.35	4.9	3.83	62.73	4.41	3.68	2.76	1.72	1.6	1.14	1.28	42
10.2	3.7	4.51	3.49	4.79	3.92	66.92	5.02	4.62	3.94	1.74	1.66	1.19	1.02	31.3
9.24	3.11	4.2	3.46	4.77	3.8	63.51	4.52	3.86	3.09	1.71	1.68	1.14	1.09	35.7
10.42	4.02	5	3.87	5.7	4.74	105.87	6.29	5.8	4.4	2.02	1.97	1.4	1.43	38.7
10.03	3.48	4.52	3.49	5.08	4.01	73.2	4.89	4.6	3.92	1.87	1.73	1.24	1.07	32.7
10.4	3.47	4.76	3.99	5.5	4.25	93.27	5.15	4.6	3.25	1.99	1.91	1.34	1.09	35
10.27	3.59	4.48	3.63	5.31	4.18	81	5.45	4.93	4.23	1.96	1.91	1.3	1.21	35.3
8.97	3	4.15	3.61	4.86	4.03	70.77	4.48	3.8	3.1	1.82	1.85	1.26	1.09	33
8.56	2.84	3.92	3.31	4.51	3.67	54.92	3.99	3.26	2.86	1.71	1.7	1.17	1.16	38.7
10.99	3.8	4.98	3.97	5.58	4.51	102.76	6.14	5.65	4.43	2.19	2.09	1.44	1.41	37.5
9.66	3.13	4.41	3.46	4.82	3.91	66.16	4.93	4.67	4.02	1.87	1.81	1.24	1.29	40.3
8.64	2.89	3.89	3.34	4.54	3.61	57.98	4.16	3.65	2.93	1.73	1.71	1.1	1.17	38.5
12.21	3.98	5	3.85	5.87	4.67	110.08	5.39	4.93	4.08	2.11	1.98	1.34	1.56	50
11.31	3.54	4.69	3.84	5.06	3.8	68.65	4.9	4.18	3.35	2.06	1.97	1.3	1.5	46
10.21	3.41	4.73	3.78	5.67	4.46	95.67	5.09	4.02	3.25	2.04	2.05	1.34	1.32	42
10.55	3.73	4.82	4.02	5.62	4.7	106.41	5.58	5.14	4.02	1.85	1.89	1.31	1.32	40
8.58	2.7	3.47	2.98	4.27	3.39	43.17	3.83	3.1	2.33	1.49	1.43	1.01	0.99	32
12.35	4.35	5.41	4.26	5.76	4.74	113.25	5.99	5.61	4.78	2.4	2.37	1.56	1.41	38.8
11.12	3.81	4.93	4.04	5.53	4.47	99.78	5.34	4.78	3.84	2.31	2.26	1.49	1.26	37.5
8.22	2.81	3.64	2.88	4.1	3.28	39.73	4.03	3.87	3.26	1.68	1.58	1.01	1.01	36.5
8.68	2.99	3.79	3.23	4.46	3.43	49.41	4.33	3.79	2.83	1.81	1.67	1.05	1.18	39
8.62	3.06	4.04	3.12	4.46	3.56	49.54	4.48	3.88	3.28	1.72	1.68	1.07	0.95	31
8.8	2.98	4.08	3.33	4.84	3.63	58.51	4.36	3.98	2.64	1.79	1.69	1.12	0.96	30
10.11	3.54	4.55	3.73	5.38	4.27	85.7	5.24	4.94	4.31	1.77	1.83	1.17	1.32	37
9.28	3.21	4.41	3.83	5.53	4.17	88.25	4.99	4.22	3.39	1.86	1.93	1.32	1.24	37
6.32	1.96	1.84	1.31	2.25	1.63	4.8	0.84	0.83	0.77	0.69	0.53	0.48	0.62	24
5.96	2.31	2.49	2	3.11	2.2	13.68	2.6	2.58	2.37	0.67	0.55	0.43	0.78	38
5.46	2.21	2.42	1.91	2.87	2.04	11.17	2.58	2.58	2.42	0.75	0.67	0.47	0.77	31
4.11	1.61	1.9	1.49	2.22	1.6	5.33	1.77	1.7	1.6	0.65	0.52	0.34	0.61	28.5
8.1	2.9	3.05	2.33	3.58	2.71	23.98	3.41	3.41	3.1	1.04	0.81	0.6	0.91	39.3
8.67	2.9	3.29	2.56	4.04	3.03	31.38	3.55	3.51	3.17	1.1	0.85	0.66	0.99	45
9.82	3.19	3.51	2.71	4.08	3.03	33.92	3.9	3.9	3.61	1.1	0.81	0.63	1.1	47
9.7	2.98	3.66	2.91	4.42	3.26	43.53	3.78	3.76	3.5	1.14	0.85	0.66	1.17	47.7
8.73	2.85	3.3	2.4	3.89	2.8	26.14	3.77	3.74	3.27	1.03	0.75	0.66	1.05	46
8.73	3.03	3.16	2.39	3.56	2.68	22.3	3.54	3.57	3.34	1.15	0.91	0.67	0.95	40.5
9.65	3.4	3.58	2.65	4.21	3.05	34.13	3.97	3.95	2.99	1.29	1	0.76	1.16	47.3
9.31	3.02	3.8	2.76	4.38	3.18	38.44	3.68	3.72	3.56	1.47	1.01	0.76	1.23	53
7.8	2.57	2.99	2.39	3.57	2.72	23.21	3.22	3.15	2.83	0.99	0.76	0.58	1.04	47
8.04	2.91	3.07	2.39	3.61	2.81	24.24	3.61	3.62	3.34	1.1	0.82	0.62	1.1	48
7.49	2.72	2.81	2.07	3.27	2.48	16.96	3.02	3.03	2.9	1.05	0.87	0.6	0.7	32.2
7.05	2.56	2.81	2.09	3.22	2.45	16.61	2.86	2.81	2.6	1.03	0.91	0.59	0.71	32
6.79	2.47	2.69	1.89	2.96	2.28	12.74	2.57	2.55	2.38	1.63	1.67	1.03	0.76	24
7.78	2.73	3.08	2.29	3.51	2.73	21.9	3.28	3.2	2.86	1.94	1.87	1.2	0.96	25
10.23	3.56	3.72	3.14	4.8	3.76	60.64	4.24	4.19	3.55	1.29	1.23	0.85	1.33	45
9.06	3.17	3.69	3.1	4.55	3.5	49.37	3.93	3.95	3.55	1.06	0.9	0.68	1.16	46
9.69	3.11	3.69	3.33	4.96	3.64	60.18	3.5	3.36	3.02	1.17	1.02	0.71	1.2	45.7
12.28	3.9	4.15	3.81	5.45	4.2	87.21	5.07	4.98	4.18	1.42	1.15	0.82	1.68	58
11.61	3.38	4.55	3.9	6.21	4.5	108.99	4.08	3.6	3.11	1.43	1.19	0.87	1.54	49
10	3.47	4.08	3.14	4.6	3.58	51.79	4.7	4.55	3.96	1.69	1.52	1.04	1.04	33.3
10.15	3.49	4.19	3.53	5.08	3.9	69.94	4.94	4.68	3.79	1.83	1.63	1.13	1.06	36
10.35	3.62	4.27	3.35	4.91	3.71	61.1	4.64	4.38	3.93	1.67	1.58	1.05	1.05	33.5
8.74	2.92	3.81	2.9	4.13	3.32	41.23	4.12	3.92	3.47	1.59	1.47	1.03	0.96	30.7
8.89	3.01	3.87	3.11	4.54	3.47	49.39	4.21	3.89	3.26	1.63	1.56	1	1.01	31.5
9.65	3.27	3.9	3.07	4.42	3.53	48.12	4.35	4.1	3.59	1.76	1.76	1.1	1.02	33
8.94	2.95	3.76	3.08	4.69	3.55	53.58	4.18	3.75	3.06	1.74	1.75	1.11	1.07	35.5
9.19	3.2	3.84	2.93	4.65	3.64	49.63	3.83	3.93	3.64	1.71	1.74	1.08	1.1	35
7.27	2.42	3.18	2.5	3.83	3.05	29.21	3.35	2.67	2.33	1.43	1.49	0.99	0.91	29
5.18	1.95	1.86	1.37	2.1	1.58	4.55	2.02	2.05	1.88	0.5	0.33	0.32	0.52	28
4.94	1.53	1.86	1.39	2.16	1.53	4.59	2.3	2.27	2.06	0.5	0.37	0.32	0.55	29
4.6	1.53	1.73	1.28	1.9	1.41	3.43	1.88	1.95	1.85	0.45	0.35	0.32	0.51	28
4.68	1.63	1.74	1.34	2.06	1.53	4.25	1.65	1.63	1.45	0.44	0.35	0.32	0.55	30.7
4.76	1.74	1.82	1.35	2.12	1.47	4.55	1.96	1.96	1.75	0.48	0.36	0.33	0.58	31.7
4.88	1.73	1.88	1.43	2.16	1.59	4.91	1.65	1.67	1.45	0.49	0.37	0.33	0.56	33
5.61	1.96	2.03	1.6	2.45	1.78	6.98	1.83	1.79	1.52	0.48	0.38	0.35	0.63	37
5.02	1.85	2.02	1.6	2.4	1.8	6.91	1.8	1.8	1.68	0.48	0.42	0.36	0.6	29
5.27	1.84	1.93	1.42	2.23	1.6	5.13	2.12	2.13	1.94	0.49	0.37	0.34	0.56	29
4.78	1.67	1.73	1.37	2.06	1.52	4.26	1.68	1.69	1.52	0.44	0.38	0.31	0.53	30
4.58	1.8	2.01	1.48	2.26	1.59	5.32	1.93	1.95	1.83	0.5	0.41	0.4	0.6	30
4.62	1.57	1.69	1.34	1.91	1.49	3.81	1.85	1.83	1.7	0.48	0.41	0.32	0.45	26
6.21	2.24	2.33	1.82	2.79	2.04	10.36	2.18	2.15	1.84	0.57	0.45	0.4	0.76	38
7.34	2.63	2.62	2.28	3.4	2.63	20.87	3.58	3.48	2.92	1.01	0.97	0.63	0.75	25.5
7.29	2.42	2.59	2.34	3.29	2.57	20.78	2.69	2.61	2.25	1.03	0.97	0.64	0.76	25
7.72	2.7	2.77	2.43	3.74	2.85	25.9	3.8	3.74	3.08	1.03	0.97	0.64	0.81	24
7.34	2.45	2.59	2.3	3.48	2.6	20.81	2.9	2.83	2.43	1.05	1.01	0.62	0.78	25
11.13	3.49	4.17	3.44	5.19	3.93	70.12	4.7	4.46	3.73	1.48	1.34	0.92	1.57	49
9.5	2.88	3.34	2.61	4.05	3.12	33.25	3.57	3.5	3.19	1.17	1.02	0.78	1.02	40.8
9.4	2.96	3.31	2.75	4.08	3.21	36.59	3.32	3.26	2.63	1.22	1.06	0.76	1.07	41.3
8.15	2.41	3	2.25	3.45	2.65	20.62	2.3	2.38	2.29	1.14	1.04	0.75	0.96	38
9.5	2.9	3.4	2.59	4.01	3.08	31.98	3.23	3.16	2.92	1.2	1.06	0.8	1.15	40
9.68	3.2	3.55	2.71	4.23	3.3	39.8	3.93	4.07	3.91	1.55	1.6	1.05	1.06	33.7
11.72	4.22	5.62	4.27	6.35	4.85	131.35	6.01	5.38	3.54	2.18	1.97	1.16	1.71	57
11.36	4.34	4.95	4.32	6.03	4.84	126.2	5.75	5.08	4.29	1.93	1.82	1.09	1.72	50.5
10.98	3.95	4.59	4.15	5.82	4.6	118.63	5.29	4.38	3.86	1.86	1.78	1.15	1.67	48.2
10.69	3.78	4.39	3.49	5.19	3.83	69.35	5.24	4.94	4.7	1.71	1.59	1.09	1.54	46
8.58	2.96	3.59	2.76	4.22	3.2	37.29	3.78	3.3	2.86	1.39	1.38	0.9	1.25	43
10.75	3.99	4.4	3.65	5.23	4.44	85.15	5.52	5.1	4.25	1.68	1.63	1.08	1.54	43.5
11.05	3.93	4.63	3.97	5.77	4.76	109.24	5.63	4.85	3.99	1.87	1.75	1.21	1.62	50
8.72	3.03	3.81	2.98	4.1	3.63	44.35	3.97	4.01	3.84	1.39	1.35	0.9	1.2	34
9.08	3.16	3.99	3.09	4.55	3.6	50.61	3.45	3.75	3.3	1.45	1.45	0.95	1.3	38
10.74	3.6	3.74	3.11	4.69	3.55	51.78	4.71	4.71	4.31	1.24	0.83	0.69	1.53	58
10.98	3.23	3.88	3.36	5.03	3.81	64.53	4.18	4.17	3.55	1.29	0.86	0.72	1.5	58.8
5.01	1.53	1.82	1.3	1.93	1.55	3.89	1.69	1.65	1.53	0.58	0.5	0.37	0.47	27
8.92	2.54	2.86	2.28	3.57	2.62	21.31	2.58	2.55	2.43	0.86	0.61	0.51	1	41
8.42	2.32	2.8	2.29	3.48	2.66	21.24	2.04	2	1.91	0.84	0.63	0.5	0.96	44
6.47	1.99	2.24	1.7	2.64	1.98	9.02	1.92	1.86	1.76	0.69	0.48	0.43	0.67	37.7
7.19	2.16	2.63	1.9	3.18	2.36	14.24	2.4	2.36	2.26	0.82	0.64	0.55	0.91	43
7.28	2.02	2.6	2.14	3.24	2.46	17.06	2	2.02	1.94	0.82	0.67	0.57	0.9	45
7.85	2.56	2.64	1.9	3.04	2.3	13.55	2.64	2.58	2.44	0.87	0.72	0.55	0.79	35.4
7.97	2.47	2.76	2.06	3.11	2.34	15.4	2.46	2.43	2.31	0.86	0.77	0.56	0.8	33.5
6.79	2.26	2.53	1.97	2.99	2.28	13.43	2.04	2	1.93	0.8	0.59	0.53	0.81	36
6.82	2.08	2.45	1.77	2.8	2.15	10.61	2.3	2.25	2.17	0.85	0.66	0.52	0.76	36.5
8.74	2.68	3.2	2.38	3.73	2.83	25.12	2.81	2.72	2.52	1.03	0.76	0.62	0.96	40
6.76	2.34	2.03	1.5	2.29	1.76	5.42	2.08	2.08	2.02	0.69	0.6	0.5	0.69	27
5.72	2.02	1.92	1.44	2.25	1.83	5.72	1.35	1.37	1.27	0.64	0.56	0.46	0.6	27.5
7.41	2.47	2.12	1.53	2.63	2.06	8.35	1.9	1.95	1.87	0.72	0.63	0.5	0.71	32
7.57	2.53	2.17	1.55	2.69	2.08	8.77	1.94	1.94	1.84	0.78	0.67	0.52	0.69	32.5
7.62	2.43	2.39	1.73	2.93	2.33	11.81	1.44	1.4	1.25	0.76	0.72	0.54	0.7	31
8.91	2.66	2.78	2.32	3.37	2.79	21.78	2.17	2.19	2.05	0.92	0.86	0.59	0.84	29
8.36	2.5	2.56	1.97	2.97	2.34	13.76	2.24	2.22	2.11	0.94	0.83	0.61	0.86	31
7.64	2.33	2.51	1.97	3.08	2.37	14.38	1.56	1.59	1.52	0.9	0.81	0.58	0.88	31
10.18	3.89	4.4	3.92	5.73	4.61	106.35	5.41	5.33	4.85	1.86	1.7	1.01	1.4	33
10.17	3.74	4.35	4	5.95	4.57	112.36	5.02	4.39	3.7	1.76	1.65	1.02	1.34	37.3
6.68	2.63	3.41	2.4	3.41	2.64	21.61	4.22	4.12	3.8	0.7	0.47	0.45	0.84	31
6.67	2.58	3.38	2.6	3.71	2.88	27.78	4.4	4.4	3.85	0.66	0.51	0.42	0.76	33
8.8	3.32	4.3	3.46	4.6	3.5	55.71	5.28	5.2	5.1	0.79	0.66	0.48	1.1	39
8.16	3.16	3.82	2.9	3.84	3.22	35.86	4.58	4.48	4.27	0.75	0.52	0.49	1.05	35
7.27	2.83	3.46	2.7	3.71	2.71	27.11	4.25	4.1	3.44	1.01	0.66	0.61	1.39	32.5
10.5	3.55	4.44	3.66	6.33	5.13	146.06	5.26	4.73	3.94	1.81	1.68	1.11	1.46	52
4.7	1.48	1.5	1.04	1.67	1.41	2.45	1.29	1.65	1.62	0.59	0.7	0.54	0.41	16
4.58	1.54	1.47	1.14	1.71	1.41	2.75	1.55	1.69	1.59	0.59	0.49	0.31	0.42	15
3.69	1.14	1.42	0.97	1.43	1.22	1.69	0.8	1.11	1.1	0.62	0.49	0.29	0.38	15
4.59	1.32	1.52	1.13	1.92	1.54	3.73	1.25	1.58	1.51	0.71	0.57	0.37	0.4	15
7.96	2.56	2.8	2.03	3.34	2.45	16.67	2.36	2.32	2.27	0.97	0.79	0.54	0.77	34.3
6.95	2.24	2.6	1.92	3.07	2.25	13.26	2	2.05	2.03	0.86	0.69	0.49	0.71	30
7.85	2.59	2.32	1.53	2.81	2.09	9	0.98	1.23	1.09	0.82	0.55	0.43	0.77	33.5
5.08	1.88	1.96	1.48	2.32	1.72	5.92	2.26	2.25	2.18	0.75	0.66	0.48	0.46	17
5.02	1.93	2.01	1.55	2.38	1.78	6.57	2.08	2.06	1.98	0.8	0.72	0.46	0.52	19
4.26	1.65	1.86	1.5	2.26	1.69	5.73	2.04	2.02	1.82	0.82	0.74	0.45	0.47	20
4.69	1.84	1.94	1.55	2.48	1.81	6.93	2.23	2.23	2.19	0.76	0.7	0.44	0.58	19
4.19	1.65	1.8	1.42	2.27	1.65	5.33	1.8	1.79	1.71	0.66	0.61	0.38	0.48	18.7
4.25	1.68	1.86	1.53	2.26	1.73	5.98	1.93	1.93	1.87	0.76	0.73	0.48	0.46	18
6.69	2.51	2.55	1.93	3.25	2.42	15.18	2.23	2.25	2.16	1.03	0.96	0.56	0.72	26
8.52	2.93	3.99	3.05	4.45	3.5	47.5	4.28	3.88	3.08	1.83	1.7	1.3	0.99	34
8.37	2.79	3.87	3.01	4.46	3.24	43.5	4.22	3.8	2.44	1.75	1.7	1.18	0.98	32
9.74	3.32	4.52	3.78	5.53	4.26	89.05	4.86	4.24	2.82	1.89	1.85	1.32	0.98	30
4.79	1.63	1.99	1.49	2.06	1.49	4.57	2.14	2.14	2.1	0.92	0.75	0.48	0.76	24
4.33	1.46	1.88	1.51	2.04	1.54	4.77	1.92	1.86	1.81	0.87	0.7	0.46	0.52	23.3
4.2	1.3	1.79	1.43	1.93	1.48	4.08	1.6	1.71	1.64	0.93	0.73	0.52	0.42	14
3.4	1.07	1.47	1.12	1.51	1.25	2.11	1.1	1.13	1.11	0.83	0.67	0.5	0.38	13
5.31	1.82	1.92	1.6	2.31	1.62	5.98	1.97	2.04	1.93	0.48	0.41	0.37	0.61	29
6.92	2.18	2.4	1.93	3.03	2.24	13.06	2.72	2.7	2.47	0.76	0.64	0.51	0.78	30
5.74	1.95	2.15	1.57	2.51	1.87	7.47	2.38	2.31	2.15	0.71	0.56	0.44	0.7	31
6.11	1.92	2.27	1.68	2.61	1.94	8.7	2.42	2.32	2.12	0.67	0.52	0.42	0.65	31
6.62	2.03	2.38	1.8	2.61	2.05	9.63	2.23	2.13	2	0.72	0.55	0.45	0.67	28
8.12	2.79	3.16	2.54	3.78	2.96	28.38	3.32	3.24	3.04	1.08	1.01	0.67	1.03	38.5
7.8	2.53	2.72	2.07	3.16	2.32	13.8	2.95	2.9	2.62	0.95	0.81	0.6	0.86	35.5
7.45	2.39	2.72	2.17	3.33	2.57	18.98	3.11	3.02	2.77	0.9	0.69	0.55	0.9	39.5
7.88	2.48	2.88	2.55	3.83	2.91	29.36	2.8	2.71	2.47	0.86	0.67	0.58	0.94	44
8.63	3	3.36	2.62	4	3.04	31.76	3.68	3.53	3.21	1.17	1.18	0.81	0.93	34
8.75	3.03	3.71	2.97	4.42	3.24	42.49	4.21	4.03	3.37	1.5	1.29	0.9	1.11	38
7.16	2.44	3.13	2.44	3.57	2.71	23.61	3.3	3.22	2.88	1.54	1.53	1.06	0.92	28
6.94	2.4	3.15	2.4	3.72	2.68	23.93	3.44	3.34	2.91	1.41	1.32	0.84	1	31
6.13	2.37	2.15	1.74	2.53	1.8	7.92	2.5	2.43	2.16	0.55	0.39	0.36	0.65	27
7.82	2.94	2.71	2.27	3.41	2.4	18.58	3.03	2.92	2.51	0.67	0.59	0.51	0.95	38
8.71	2.97	2.98	2.74	3.7	2.7	27.37	3.6	3.55	3.27	0.75	0.61	0.54	0.95	39
5.75	2.18	2.14	1.31	2.52	1.78	5.88	1.86	2.07	2.08	0.81	0.63	0.51	0.68	32
5.36	1.74	2.04	1.39	2.13	1.72	5.09	1.19	1.09	1.07	0.85	0.77	0.55	0.43	16
7.04	2.13	2.43	1.82	2.65	2.15	9.82	1.59	1.55	1.44	1.11	1.01	0.66	0.63	24.5
6.82	2.19	2.25	1.58	2.63	2.07	8.6	1.82	1.86	1.82	1.02	0.88	0.56	0.57	24
5.93	1.96	2.12	1.39	2.35	1.73	5.68	1.74	1.7	1.56	0.84	0.78	0.54	0.56	21
6.23	2.04	2.36	1.68	2.6	1.98	8.66	1.46	1.4	1.2	0.98	0.81	0.61	0.57	23
6.07	2.08	1.89	1.24	2.26	1.77	4.95	1.42	1.45	1.36	0.59	0.44	0.4	0.57	29
6.16	2.08	2.01	1.46	2.54	2.01	7.68	1.18	1.22	1.28	0.64	0.48	0.43	0.56	28
6.22	2.03	2.09	1.45	2.38	1.95	6.73	1.18	1.17	1.3	0.93	0.85	0.54	0.58	24
6.62	2.26	2.05	1.38	2.56	1.89	6.78	1.75	1.75	1.7	0.71	0.57	0.45	0.66	27.7
6.56	2.14	2.25	1.58	2.56	1.98	8.25	1.94	1.92	1.8	1.22	1.14	0.8	0.54	22.3
7.79	2.42	2.76	2	3	2.4	14.4	1.7	1.77	1.71	1.58	1.48	1.05	0.64	23
7.28	2.55	2.56	1.88	2.93	2.22	12.23	2.26	2.19	1.96	1.39	1.19	0.76	0.75	26
6.96	2.43	2.29	1.56	2.82	2.18	9.58	2	1.98	1.9	0.74	0.66	0.5	0.62	30
6.05	2.12	2.11	1.47	2.52	1.98	7.31	1.6	1.6	1.62	0.7	0.54	0.48	0.64	29
7.49	2.77	2.44	1.61	3.07	2.25	11.13	2.44	2.48	2.46	0.92	0.82	0.57	0.72	27
7	2.37	2.49	1.72	3.11	2.39	12.82	2.17	2.39	2.35	0.93	0.82	0.57	0.68	26
6.75	2.48	2.34	1.5	2.79	2.05	8.51	2.11	2.26	2.23	0.77	0.65	0.47	0.66	23.5
6	2.03	2.2	1.44	2.73	2.08	8.18	1.68	2	1.99	0.9	0.71	0.49	0.63	22
8.42	2.74	2.72	1.99	3	2.32	12.04	2.51	2.47	2.27	1.53	1.45	0.92	0.68	20
7.16	2.33	2.49	1.7	2.78	2.13	10.11	2.28	2.25	2.13	1.33	1.2	0.82	0.61	23
7.35	2.33	2.75	1.95	2.98	2.37	13.77	2.08	2.04	1.98	1.39	1.28	0.9	0.63	24
8.15	2.45	2.8	2.09	3.27	2.62	18.06	2.09	2.07	1.94	1.47	1.41	0.89	0.77	24
7.83	2.52	2.47	1.77	3.14	2.33	12.95	2.33	2.3	2.21	0.82	0.68	0.54	0.79	33
5.29	1.98	1.89	1.46	2.23	1.79	5.83	1.49	1.53	1.49	0.62	0.58	0.46	0.56	22
7.76	2.32	2.28	1.7	2.77	2.23	10.5	1.55	1.66	1.6	0.66	0.59	0.49	0.68	28
6.82	2.05	2.33	1.71	2.53	2.18	9.27	1.62	1.53	1.54	1.01	0.96	0.61	0.6	23
7.91	2.38	2.79	2.01	3.1	2.48	15.47	1.72	1.69	1.61	1.2	1.04	0.67	0.7	28
6.84	2.24	2.34	1.62	2.72	2.14	9.43	2.3	2.25	2.1	1.07	0.92	0.56	0.67	28
6.43	2.39	2.7	1.88	3	2.28	12.86	2.54	2.52	2.47	1.15	0.99	0.66	0.6	24
6.75	2.24	2.76	2.06	3.03	2.35	14.61	2.43	2.4	2.31	1.17	1.03	0.7	0.59	23.5
7.7	2.76	2.76	2.34	3.35	2.74	21.6	3.17	3.1	2.68	1.04	1.2	0.73	0.68	21
8.06	2.56	2.45	1.84	3.13	2.36	13.59	0.99	1.37	1.9	1.45	1.19	0.9	0.68	22
8.29	2.96	3	2.38	3.59	2.57	21.9	3.68	3.64	3.2	0.77	0.59	0.55	1.01	38
5.33	2.08	2.03	1.63	2.57	1.6	6.7	2.71	2.76	2.38	0.85	0.83	0.54	0.58	22
6.25	2.43	2.46	2.07	3.17	2.43	15.95	3.65	3.53	3.05	1	0.98	0.67	0.8	24
8.93	3.1	3.27	2.71	4.35	3.22	38.81	4.22	4.14	3.59	2.89	2.74	2.04	1.21	27.6
8.42	2.65	3.13	2.68	4.02	2.93	30.14	3.7	3.59	3.13	2.89	2.76	2	1.18	25
7.64	2.82	2.79	2.29	3.57	2.73	22.98	3.33	3.24	2.85	2.25	2.29	1.52	1.17	26.5
7.12	2.47	2.74	2.29	3.45	2.62	21.24	3.16	3.05	2.54	2.24	2.14	1.46	0.98	23.3
11.21	3.73	4.06	3.14	4.68	3.47	49.56	4.54	4.59	4.3	1.42	1.07	0.83	1.26	50
11.82	3.7	4.43	3.38	4.75	3.55	53.12	4.71	4.68	4.2	1.63	1.15	0.86	1.35	59
9.91	3.66	4.32	3.37	4.83	4.03	65.6	5.32	5.23	4.58	1.84	2.03	1.42	1.42	38
12.03	4.08	4.78	3.82	5.57	4.36	94.86	5.54	5.41	4.89	1.74	1.74	1.24	1.4	48.3
11.64	3.85	4.73	3.89	5.67	4.49	100.74	5.01	4.74	4.08	1.81	1.82	1.29	1.43	50.3
9.53	3.45	4.08	3.02	4.55	3.66	51.49	4.62	4.51	3.9	1.46	1.37	1	1.22	41.8
9.5	3.24	3.73	2.91	4.43	3.37	43.44	4.18	4.03	3.26	1.36	1.4	0.94	1.17	43
9.71	3.41	4.11	3.46	5.13	3.9	72.13	4.73	4.58	4.11	1.48	1.42	1.01	1.25	45
9.85	3.54	4.13	3.75	5.49	4.1	85	4.88	4.59	3.92	1.53	1.49	1	1.3	45.7
11.59	4.35	4.94	3.92	5.74	4.53	102.49	6.09	5.88	5.15	1.76	1.64	1.2	1.37	42.8
10.62	3.54	4.4	3.76	5.2	4.27	83.49	5.27	5.12	4.17	1.56	1.49	1.06	1.22	41
5.9	1.82	2.04	1.39	2.27	1.91	6.03	1.79	1.89	1.8	1.01	0.84	0.57	0.53	19
5.99	1.84	2.15	1.52	2.54	2.04	7.97	1.84	1.94	1.87	1.12	0.95	0.65	0.54	21
4.84	1.49	1.77	1.18	1.93	1.57	3.59	1.4	1.47	1.44	0.87	0.67	0.46	0.49	18.5
5.49	1.69	2.03	1.42	2.35	1.94	6.48	1.25	1.33	1.35	1.02	0.85	0.61	0.52	20
5.1	1.53	1.92	1.31	2.21	1.76	5.07	1.14	1.25	1.24	0.96	0.8	0.55	0.52	19
5.59	1.75	2.04	1.37	2.31	1.83	5.93	1.68	1.83	1.76	1.01	0.83	0.55	0.55	21
5.92	1.72	2.13	1.47	2.47	2	7.26	1.4	1.6	1.57	1	0.93	0.62	0.55	19
5.49	1.58	1.95	1.25	2.22	1.74	4.8	1.43	1.5	1.45	0.96	0.87	0.6	0.55	21
5.19	1.55	1.89	1.27	2.16	1.8	4.91	1.13	1.06	1.17	0.93	0.84	0.57	0.52	19.5
5.91	1.87	2.12	1.53	2.59	2.11	8.47	1.31	1.31	1.37	1.1	0.95	0.65	0.53	19.4
5.36	1.58	1.92	1.28	2.1	1.74	4.67	1.48	1.62	1.59	0.95	0.73	0.53	0.51	18.5
6.38	2	2.28	1.6	2.57	2.04	8.08	1.88	1.92	1.85	1.15	0.97	0.71	0.56	23
5.58	1.89	2.05	1.43	2.33	1.9	6.41	1.94	2.02	1.97	0.98	0.81	0.57	0.51	20.8
5.33	1.78	2.04	1.4	2.32	1.94	6.34	1.53	1.58	1.52	0.97	0.85	0.58	0.51	19.7
9.58	3.34	3.84	3.29	5.01	3.93	64.82	4.21	4.09	3.48	1.75	1.77	1.2	1.41	40
11.74	4.09	4.27	3.69	5.6	4.45	91.95	5.05	5.05	4.5	1.92	1.95	1.3	1.54	41
9.22	3.08	3.84	2.95	4.77	3.77	55.12	3.59	3.56	3.15	1.58	1.71	1.18	1.2	33
11.3	3.82	4.06	3.78	5.59	4.42	96.29	5.67	5.54	5.05	1.85	1.81	1.15	1.57	30.5
10.98	3.62	3.9	3.73	5.41	4.32	89.63	4.86	4.88	4.39	1.8	1.82	1.16	1.5	29.8
10.96	3.78	4	3.32	5.2	4.15	71.65	4.82	4.75	4.03	1.8	1.87	1.23	1.52	40
10.47	3.45	4	3.5	5.37	4.21	79.84	4.44	4.31	3.62	1.96	1.91	1.24	1.51	38.7
10.99	3.9	4.05	4.17	5.48	4.36	99.66	4.22	3.83	3.3	2.15	2.34	1.65	1.61	41
9.42	3.32	3.6	3.11	4.55	3.75	53.58	3.35	3.02	2.6	1.84	1.71	1.16	1.43	47
6.58	1.85	1.63	1.39	2.21	1.99	6.13	1.25	1.85	1.81	0.64	0.62	0.42	0.49	18
5.35	1.53	1.46	1.05	1.85	1.58	3.07	0.65	1.14	1.15	0.68	0.66	0.45	0.44	15
4.84	1.54	1.37	1.02	1.63	1.47	2.44	0.79	1.27	1.26	0.51	0.47	0.34	0.41	13
6.88	2.31	2.03	1.69	2.54	2.17	9.25	1.17	1.57	1.53	0.82	0.81	0.54	0.53	17
5.45	1.73	1.45	1.19	1.91	1.68	3.82	1.27	1.72	1.62	0.54	0.53	0.35	0.45	16.3
5.54	1.67	1.6	1.22	1.89	1.7	3.91	0.63	1.21	1.21	0.61	0.58	0.39	0.43	15
5.04	1.47	1.23	0.93	1.64	1.52	2.35	0.7	1.46	1.46	0.51	0.52	0.34	0.38	12.7
4.5	1.2	1.12	0.78	1.31	1.23	1.26	0.43	0.98	1.02	0.43	0.39	0.32	0.31	12
5.22	1.51	1.45	1.27	1.7	1.53	3.3	0.62	1.2	1.2	0.57	0.6	0.38	0.37	14
4.64	1.37	1.36	0.97	1.77	1.53	2.63	0.63	1.07	1.07	0.61	0.55	0.38	0.42	15
8.61	2.61	3.36	2.49	3.96	3.1	30.57	2.92	2.68	2.7	1.33	1.16	0.8	0.87	29
13.68	4.55	5.27	4.26	6.44	5.17	144.51	6.25	6.11	5.16	1.98	1.78	1.15	1.73	47
11.39	3.7	4.97	4.01	6.37	4.86	124.14	5.91	5.51	4.54	1.91	1.76	1.15	1.65	44
11.04	3.5	4.2	3.14	4.97	3.92	61.17	4.42	4.23	3.74	1.55	1.29	0.84	1.24	39
10.38	3.23	4.2	3.28	4.98	3.95	64.49	3.95	4.05	3.79	1.7	1.37	0.96	0.99	24
5.96	2.03	2.13	1.74	2.63	1.88	8.68	1.79	1.77	1.67	1.09	0.98	0.71	0.61	23
5.35	1.75	1.97	1.56	2.31	1.67	5.33	1.47	1.21	1.31	1.02	0.95	0.65	0.56	21.5
8.77	2.8	3.22	2.62	4.02	2.8	29.49	2.93	2.9	2.23	1.01	0.76	0.65	1.04	46
8.98	2.87	3.26	2.55	3.93	2.9	30	3.74	3.7	3.35	1.02	0.81	0.65	1.06	52
9.27	2.89	3.43	2.81	4.29	3.22	39.17	3.65	3.63	3.23	1.08	0.84	0.65	1.09	51.5
8.2	2.65	2.86	2.23	3.49	2.63	20.85	3.21	3.17	2.87	0.93	0.72	0.58	0.99	46.7
8.44	2.72	3.06	2.53	3.93	2.92	29.02	3.14	3.08	2.78	0.99	0.79	0.63	1.1	52.5
10.09	3.14	3.57	2.84	4.47	3.27	42.33	4.16	4.11	3.78	1.2	0.96	0.77	1.24	52.6
10.02	3.14	3.6	3.04	3.92	2.89	31.81	3.98	3.93	3.51	1.21	1	0.77	1.27	51
9.97	3.16	3.8	2.99	4.38	3.18	41.65	3.9	3.81	3.37	1.18	1.02	0.75	1.22	50
9.82	3.28	3.61	2.76	4.22	3.17	37.05	4.11	4.03	3.6	1.19	0.97	0.79	1.27	55.3
9.6	3.14	3.55	2.88	4.29	3.25	40.4	3.86	3.8	3.42	1.17	1	0.76	1.26	53
12.79	4.47	4.69	4.23	6.27	4.98	135.5	5.85	5.61	5	1.65	1.43	0.94	1.78	47
9.97	3.46	3.94	3.55	5.34	4.14	79.31	4.44	4.14	3.7	1.38	1.24	0.8	1.54	42.4
11.83	4.12	4.4	4	6	4.72	113.28	5.41	5.33	5	1.58	1.36	0.88	1.7	48
9.24	3.09	3.66	3.22	4.99	3.54	56.97	3.88	3.64	3.39	1.32	1.13	0.76	1.47	46
9.87	3.39	3.44	2.87	4.69	3.49	46.98	3.7	3.65	3.46	1.19	1.08	0.73	1.38	37
7.69	2.53	2.76	2.34	3.57	2.75	23.06	2.33	2.46	2.36	0.94	0.83	0.54	1.04	36
8.02	2.56	2.85	2.4	3.97	2.95	28.11	2.18	2.44	2.25	1.09	0.93	0.61	1.08	36
9.14	2.96	2.86	2.42	3.83	2.81	26.1	3.01	3.1	2.95	0.91	0.8	0.62	1.09	33
11	3.62	4.08	3.72	5.6	4.2	87.49	5	4.92	4.67	1.52	1.2	0.82	1.56	46
12.68	4.11	4.19	3.8	5.8	4.62	102.2	5.59	5.47	4.86	1.5	1.29	0.91	1.68	45.8
10.32	3.63	4.14	3.68	5.57	4.34	88.86	4.62	4.44	3.95	1.45	1.36	0.85	1.66	45.3
5.68	1.63	1.83	1.24	2.23	1.75	4.84	1.4	1.43	1.38	1.03	0.69	0.51	0.64	26
4.91	1.55	1.6	1.17	1.99	1.59	3.74	1.82	1.83	1.73	0.9	0.76	0.47	0.5	21
4.44	1.33	1.51	1.05	1.78	1.47	2.74	1.5	1.5	1.42	0.89	0.6	0.43	0.43	20
6.18	1.98	1.96	1.45	2.4	1.93	6.73	2.3	2.37	2.28	1.08	0.72	0.54	0.6	24.8
5.62	1.77	1.87	1.34	2.25	1.85	5.58	1.57	1.64	1.55	1.02	0.74	0.54	0.56	24.3
5.65	1.89	2.07	1.4	2.36	1.87	6.18	1.94	2	1.95	0.96	0.87	0.57	0.5	18
4.34	1.82	1.83	1.31	2.02	1.43	3.78	1.92	1.89	1.75	0.46	0.43	0.33	0.53	28
5.04	1.91	1.88	1.44	2.14	1.53	4.71	1.89	1.88	1.7	0.43	0.37	0.34	0.63	31
8.01	2.68	3.3	2.98	4.78	3.26	46.44	3.03	2.79	2.08	1.7	1.52	1.01	0.94	30
7.84	2.74	3.05	2.41	4.25	2.96	32.84	2.98	2.9	2.47	1.64	1.47	1.09	0.9	31
7.06	2.44	2.86	2.31	3.46	2.52	18.66	2.57	2.43	1.88	1.38	1.3	0.84	0.75	28
12.23	4.39	4.62	3.69	4.91	4.39	70.33	6.43	6.26	5.28	2.39	2.35	1.52	1.78	31
12.18	4.3	4.55	4.06	5.42	4.68	100.74	6.95	6.71	5.48	2.38	2.37	1.56	1.68	30
14.5	5.14	5.4	4.49	6.6	5.05	148.84	7.17	7.13	6.46	2.36	2.22	1.35	1.73	34.4
10.27	3.36	3.28	2.49	3.8	2.96	28.03	3.58	3.56	3.56	0.96	0.74	0.64	1.23	53
9.7	3.21	3.4	2.64	4.2	3.16	35.04	3.44	3.44	3.28	0.94	0.8	0.62	1.16	60
4.69	1.26	1.64	1.22	1.91	1.54	3.59	1.63	1.64	1.57	0.95	0.63	0.5	0.47	19
8.14	3.03	3.31	2.88	3.78	3.2	34.9	2.67	2.86	2.86	0.9	0.63	0.62	1.1	44
7.14	2.27	2.62	2.17	3.58	2.63	20.43	1.83	1.87	1.87	0.78	0.6	0.46	0.89	38.5
6.22	2.11	2.55	1.88	3.08	2.27	13.14	2.08	2.11	2.03	0.74	0.58	0.48	0.87	40.5
7.73	2.63	3.07	2.38	3.93	2.96	27.58	2.77	2.76	2.61	0.89	0.73	0.56	0.99	47.5
9.75	3.19	3.7	3.09	4.92	3.65	55.92	3.02	2.97	2.74	1.07	0.86	0.65	1.2	52.3
7.28	2.48	2.79	2.14	3.46	2.61	20.09	2.47	2.53	2.42	0.82	0.63	0.53	0.98	40.8
7.77	2.56	2.76	2.3	3.72	2.68	23.03	2.06	2.09	1.97	0.83	0.61	0.5	0.97	38.5
9.11	3.14	3.45	3.03	4.92	3.65	54.41	3.11	3.1	2.9	1.34	1.11	0.76	1.4	52
6.86	2.39	2.77	2.14	3.57	2.6	19.86	2.53	2.51	2.34	0.91	0.67	0.53	1.08	45
7.1	2.33	2.72	2.18	3.61	2.65	20.79	1.96	2.08	1.95	0.82	0.63	0.52	0.96	40.3
7.46	2.63	2.97	2.46	3.99	2.94	28.86	3.02	3.1	2.9	0.88	0.72	0.52	0.96	40
6.12	2.07	2.49	1.77	3.05	2.24	12.05	2.01	2.11	2.04	0.75	0.56	0.46	0.9	37
7.16	2.29	2.61	2.16	3.37	2.6	18.93	2	2.03	1.85	0.76	0.63	0.5	0.93	42
6.25	2.11	2.47	1.88	3.05	2.26	13.73	1.95	2	1.91	0.72	0.56	0.45	0.83	39.3
7.03	2.32	2.67	2.16	3.62	2.59	20.21	1.94	1.96	1.86	0.79	0.6	0.48	0.9	39.5
7.86	2.72	3.14	2.46	4.2	2.85	30.16	2.71	2.71	2.55	0.95	0.69	0.54	1.03	46.7
8.11	2.67	2.93	2.18	3.82	2.72	23.88	2.21	2.3	2.25	0.86	0.66	0.53	1.02	44.5
7.58	2.55	2.91	2.18	3.69	2.68	21.56	2.32	2.41	2.34	0.89	0.65	0.55	1.16	41
6.86	2.07	2.35	1.85	3.09	2.27	12.93	1.6	1.82	1.75	0.71	0.5	0.42	0.8	35.5
7.18	2.49	2.64	1.96	3.24	2.52	16	2.34	2.36	2.19	0.82	0.59	0.5	0.94	39
